   0.0000000000000000     
   5.3834373564840894E-002
   104410.17026516022     
   4.5953107653757402E-010
   119.71892711079306     
   2.2968327565637722E-011
   2.8848637331140875E-002
   2.4077351192283145E-003
   0.0000000000000000     
   2.7394335042787832     
   318238512335461.62     
   318238512335285.06     
   0.0000000000000000     
   5.4364501139563481E-002
   1.2572704058563953E-005
   924.39775273759017     
   6.9531216716050643     
   6.9893847033331076     
   489458.77336675249     
   969094.01796523761     
   109688.92935133954     
   16759.656955027247     
   23770.170773004735     
   4.8055738920976465E-007
   2933.1811322277640     
   4.2024101231426974     
   23851.901619808457     
   3.3831868173320241E-002
   108.17046266945790     
   1.0352042611995674E-013
   6.8356567656778568E-007
   1.0575279310628302E-007
   10.906218609413719     
   80.092543259304250     
   10.303116360811257     
   6.8687442405408392     
   3.6183556442908986E-017
   6.8687456589920952     
   3.1853447251089066E-003
  0.46474841676392925     
   490.49083562051015     
   50.297219072556842     
   4.0545915484127071E-004
   506.65445865390694     
   16765.208221199868     
   2.2493750657519920E-003
   3701.3801340382279     
   2905.6263321978281     
   1.3848598967858912E-003
   1.4772566148865039E-004
   551539.56509667891     
   469.97814076496337     
   9.8938957698388300E-008
   8.2196491944250930E-005
   1.5479240886182968E-004
   1.5236151471720447     
   8871.1962055301865     
   2.8503606628877488E-004
   104290.45138835257     
   750.55269399283986     
   42628.598329067092     
   42635.697160733478     
   1.8058530870989823E-005
   2.3623211396605379     
   537946.70711346238     
   1053.0260913920822     
   11.712337953106909     
   12019.300058432356     
   944.69586281521947     
   6.9744219928985894E-014
   1.8793446305698747     
   156.67633678173834     
   572.43513969087860     
   1.9552403658344165E-006
   190.73903529750393     
   4.6992366424361167E-011
   4.4026755515428915E-007
   1.6188773646881333E-007
   60.802102105007187     
   251.84123626175261     
   38.343119613104470     
   2.1463152677191229E-002
   3.3497533042704797E-009
   1.2321837605026489E-007
   3.6821485464476431E-005
   7.2153844911683743E-009
   7.6470662326084287E-008
   2.8856263167126974E-008
   3.0501561519991538E-007
   3.3338176061083980E-009
   3.0637594837251268E-008
   1.4399233761579008E-015
   2.3978968483702997E-015
   1.2698170290153298E-020
   2.9705827997327792E-026
   20.247016538653746     
   20.250345164210469     
   1.0086740512615118E-007
   551999.74482970627     
   1.9150132295811708E-013
   1.1556353432909780E-017
   1.1182386196655000E-012
   1.2743677319027353E-015
   3.6629360591034351E-013
   8.2274939359817943E-009
   5.5040461696442162E-007
   7.1779175147440408E-002
   0.0000000000000000     
   0.0000000000000000     
   0.0000000000000000     
   6.2831926721540823E-015
   5.3834381700799835E-002
   1.7944793900266612E-002
   5.3834381908401605E-002
   986.83377517525685     
   2.4234881129106527E-007
   30362.394332234249     
   1.9512050985059053E-004
   53634.393026974722     
   1967.6067142711531     
   1.6087895942550376E-008
   9.2441596452421688E-006
  0.37591093894158412     
  0.45022182243297071     
   28089.049528496234     
   1478.3710683961483     
   2.1644750293972103E-003
   882.38535649139533     
   1.4451266762888220E-003
   5.4488382587105201E-004
   3.7904960264866839E-004
   539761.90045304026     
   35501.041310010514     
   1.2462422014244473E-007
   2.4848860120358072E-003
   2.7609845721005509E-004
  0.89595507427851051     
   1.2102042611577983     
   511346.49579971744     
   841.03681048522253     
   343.52207801935293     
   4484.4713077933493     
   1121.1178269483373     
   4400.4312391341900     
   96.335933689088606     
   1296.1168271159777     
   7.8775503514766181E-004
   2.4004898044244476E-004
   2.6672110042064434E-005
   1.9542681371040237E-004
   5.9477724260394788E-005
   2.8322727144602212E-005
   52142.952738212596     
   3429.5290527758571     
   1.2045170492957084E-008
   87.738607178784036     
   5.2388241146178002E-002
   4.5056797331796024E-002
   51171.932530848710     
   3.7085326512816437     
   3494.8487915804858     
   3.9558629287267703E-004
   2244.5762455587019     
   709.17505508793738     
   748.37639728238128     
   3.0633742258505737E-006
   3.4037492807223487E-007
   3.6143919831604724E-006
   665.41993714605030     
   1.5371389941373911E-010
   43.765780165845122     
   764.14519668903358     
   9.7867541856982692E-003
   4.2831763512439468E-002
   3.2940420458728747E-005
   31387.908714378260     
   1437.0360692555721     
   1.7747115127875028E-004
   1.9719017135234755E-005
   367.86412953391954     
  0.67789441703526787     
   1.0473536063584739     
  0.46524571728343739     
   6728.4477638832768     
   16812.483831294172     
   3.5565819689237430E-002
   2.2439600491031933E-005
   1.8782806185789473E-005
   3.3146128950542824E-006
   4951.0934857731581     
   41.528471106242719     
   1.5530669792157810E-009
   2.4276492931525829E-002
   2.5488830294488271E-002
   1.5991537614391132E-002
   4.4774407118210644E-009
   5.8452376490949857E-004
   1.3502665337861386E-016
   2.1907393217215678E-012
   6.6674673157618986E-013
   3.1749845825157688E-013
   2.6909548930871353E-012
   2.9899500049682791E-013
   9.4043561493382333E-008
   9.4049634026222692E-008
   2.0377285226765531     
   2.5407225704582781     
   34.630342123766852     
   5.0072336773176334     
   836.14684676148795     
   859.05310100581244     
   1.8849718323126588E-007
   1.5486256707517640E-008
   27.913682605777907     
   42.358092074117131     
   1.5455384523960189     
   147.56983623603594     
   8.2374891965438990E-006
   1516.5454020879358     
   99.745722924944303     
   7.7574174689745121E-006
   1468.7193731664231     
   4660.2504448364971     
   4660.6383623154261     
   3.3653180218806058E-006
   39195.429567150313     
   168.87772143211251     
   1088.5022615638816     
   17.511052577764655     
   26.266579518984518     
   0.0000000000000000     
   0.0000000000000000     
   0.0000000000000000     
   17.589764778671793     
   7.7852558359316538E-008
   253.78680896482999     
   141.64845294386382     
   955166.77851941576     
   956279.05153941701     
   19.403429808081167     
   124.19622829510591     
   35.726075201308234     
   2.3613655416412929     
   1.1806827708206464     
   3.6468317830442694E-002
   6.9337877863577264E-004
   65.854615465107500     
   2.1908912751160088     
   3.0637099505971621     
   207.86555542348481     
   2111.7356219167300     
   783.28502015136792     
  0.93802675737587249     
   1.3825483999231947E-002
  0.48644525078757522     
   6977.7955836060364     
   1956.8319506541445     
   4.0835308614428566E-007
   3.0805584590561193E-007
   49346.324661600163     
   8.0098017982929114E-003
   1.0086231089445296E-004
   13742.758822228316     
   629.18623532174695     
   2.5634657902151773E-007
  0.37335211289263387     
  0.96042139858815956     
   2.3612691729895145E-005
   3217.2922146028332     
   147.29764253460843     
   1.1240499142168281E-006
   1401.1047557396378     
   7.2453579650243132E-006
   1.2785925970062622E-006
   1806.9408067678366     
   24.800892948976152     
   8.8557424604455944E-006
  0.15318296600761283     
  0.13392909173107456     
   1178.0702269305459     
   2831.9520950858396     
   67.007288197678463     
   6.1291470840819234E-010
   2.7381081106557123E-005
   2.6415740601041496E-004
   2.9350823376003150E-005
   45836.889909659461     
   3516.9870049904789     
   1.5352629779389958E-008
  0.16612701856665743     
  0.66164839664015518     
   4.8434392583010534E-011
   8.1443203653094962E-003
   2.5334734207319674E-015
   1.3450208153672179E-004
   6.9199382955991286E-005
   5.6130681046682313E-004
  0.73657255527726717     
   7.2532727958338712E-005
   1.2304911008668814E-011
  0.10772747981335955     
   7.4936948238090894E-007
   166.72839309440954     
   8.4280579147627661E-007
   1.4873043552817126E-007
   5.1864604219800479E-011
   5.8442588537420273E-004
   2.6709158512437084E-004
   3.0548912619507440E-004
   1.3522310744185705E-010
   1.4352331626293281E-016
   1.6141874602893852E-016
   2.8485661396847518E-017
   3.1932728053016796E-008
   2.7918909473629071E-008
   3.1932579438797544E-008
   2.3821410805213389E-008
   176.40412691385089     
   363.69145134426543     
   217.36607735237831     
   217.38651375816110     
   1.2998141668656793E-007
  0.25818645619057090     
  0.30922531055073355     
   4.9862579851804596E-002
   4328.7969063048795     
   7.4777643788158474E-004
   2.3895535002012663E-004
   2.6550595545666010E-005
   1.9453647579513000E-004
   5.9206751858922698E-005
   2.8193692661759329E-005
   51905.396555641441     
   3413.9045860548295     
   50903.345690534261     
   4.2159196965483620E-002
   7.1048481831071902E-002
   1.9254727643297928E-002
   1.4300259532759712     
   2.2853759857177454E-003
   8.0367890273003416E-012
   3.6107312555858172E-012
   2.1443419276052037E-003
   1.4103694849674367E-004
   4.9534908855041387E-016
   1.0968715810128144E-011
   93.580200108824712     
   2.7611085154029041E-004
   17.425689747767898     
   7.2449251850546936     
   29.119427479985706     
   109595.56902046148     
   109623.22898891638     
   3.1537592582898434E-003
  0.16185106724199178     
   6.2141770748493634     
   228.96054950315144     
   2.8800798613118814E-005
   8.0089430498005193E-006
   8.8988259792306826E-007
   1739.6863680031868     
   114.42207678071661     
   1.9844021226636841E-006
   9.4495343532835954E-007
   6.5201785840780034E-006
   1480.2244262785534     
   2.4522741211629735     
   2.7905446858860444E-003
   3.1999361338219474E-006
   3.5554847403045264E-007
   695.08363786274140     
   7.9285868520474185E-007
   2.6051071808636344E-006
   3.7755177227308582E-007
   45.716811284690557     
   3.2945387293807610E-004
   4.6548640259120607E-004
   379.15876857765994     
  0.13490243652755521     
   4.0538021836732047E-003
   1.0391026390864724E-002
   9.3656618587733041E-006
   2.0846150857544938E-005
   5080.1645337034042     
   1.5802990601774652E-009
   2.8184289832497038E-006
   2.3755930284142572E-005
   1.0672954048077651E-005
   6338.4564612199083     
   416.89086332807614     
   1.4642014831973312E-009
   3.2422407407589492E-005
  0.41191104770536097     
   27.351156442979281     
   4974.1714680761843     
   5.8853957932086498     
   2.2983488769636212E-002
   2158.5212479344223     
   3.4715628629812723E-008
   2.3799159186235768E-007
   1.9644438285656097E-005
   325.39827766425481     
   2230.7547680147895     
   196.12929763736778     
   1.0898905414946235E-010
   7.4717006479116636E-010
  0.12968051950430509     
   2.3493009271967930E-002
  0.35986117525714412     
   1112.3162550039933     
   217.84780817349946     
   3.7867753606183494E-009
   8.8087736814544408E-006
   1146.2060643671450     
   87.946451894220118     
  0.25550450955464932     
   8.5281052970072532E-003
   6.8591685521160279     
   7.1128154579571860E-009
   2.6776026268488126E-006
   348.41221716491657     
   26.733079896214885     
   2.6908736531617499E-002
   5.1446993124454034E-002
   23.280713352343199     
   1.2808304253034029E-008
   1197.1855814734195     
   1069.6526756685375     
   8.4779203377651403E-006
   1163.6750167638515     
   24.123318837009013     
   6.4777169479079841E-002
  0.10490015650711945     
   132.83285639923892     
   50.164001612651177     
   2.1386604313554707     
   847.16832848832632     
   2.4372436470974301E-006
   667.44985399282132     
   1.0748453754492261E-009
   5.1055296987404699E-005
   4.3444592235626074E-006
   4.8271771148766284E-007
   3.5368774397239108E-006
   1.0764409300273634E-006
   5.1259094270269730E-007
   1085.4552317177265     
   62.068370789770405     
   2.1799614374974772E-010
   1.5916342486303365E-008
   4.3611330724349750E-007
   2.4713087121638443E-006
   393.97053938507668     
   13.373572736107585     
   1.2671351750189476E-010
  0.31563179575609829     
  0.53922811290240324     
  0.21662125771182683     
   1.6909045205095425     
   393.97053987472134     
  0.51750641110756201     
   3.2881794401092217E-003
   1.2672202327863532E-003
   1.2750102222556634E-006
   1.1690311800223593E-006
   7.6872655006810745E-006
   1193.6412712102613     
   47.169427677672594     
   3.8598198312315247E-010
  0.45735852657411241     
   1.0597737500872875     
   131.29628094729438     
   14.093215513923566     
   3.0049716470934217E-005
   1.9744686808311399E-006
   1.4466951741241713E-006
   2.0966597111310661E-007
   4.4029851902979234E-007
   386.00106433061893     
   8.9167344505173836E-011
   4.2622845955104151E-003
   4.4778527497245637E-003
   4.3008342987853236E-003
   15.328683139068231     
   12.548851614289751     
   1085.4552354050534     
   9.5046071461846349E-002
   9.3645148599202418E-003
   21.683148881569409     
   1.0043601419660382     
   43.891048107506727     
   21.897462647173089     
   3.3193327064423372     
   6.6026018522033240E-003
   1.6641107398250570E-005
   2331.5009911272386     
   7.2526564851143728E-010
   1.2934955008392381E-006
   4.0467558760842893E-003
   1428.9844438813134     
   1.0199388158767694E-005
   4.4451764479124627E-010
   6.4226453165379690E-006
   1.6640404623518061E-005
   1.0198957425882891E-005
   2331.5345141492294     
   7.2527607659891251E-010
   1.6641346669094282E-005
   1.2935140991063134E-006
   5.5835527215908390E-008
   1428.9886811718684     
   1.0199418402463697E-005
   4.4451896289546059E-010
   109.18269919522106     
   168.70197394316165     
  0.45835142321933098     
   0.0000000000000000     
   0.0000000000000000     
   0.0000000000000000     
   0.0000000000000000     
   0.0000000000000000     
   0.0000000000000000     
   0.0000000000000000     
   0.0000000000000000     
   0.0000000000000000     
   0.0000000000000000     
   0.0000000000000000     
   0.0000000000000000     
   0.0000000000000000     
   1.6013365663859320E-006
   1.1528111030543653E-017
   8.6966454171798283E-018
   3.2822057541075966E-013
   8.9344976969201410E-016
   9.7702658283774473E-015
   1.7241645780995912E-015
   1.4308322213769125E-006
   1.7959396271712028E-007
   5.0095916546106958E-019
   9.0850297461502836E-009
   3.0148052672607962E-008
  0.53462156776179715     
   5.4182637772197024E-019
   5.2950825388554301E-029
   1.7612086991757884E-024
   3.2633597125476097E-024
   4.1403081970699103E-034
   1.0036178515981746E-029
   7.0072036019058391E-021
   7.6626850469482988E-020
   1.3522385535006204E-020
   1.1221820224780399E-011
   1.4085307368379038E-012
   3.9289538009916464E-024
   1.2630314465643520E-011
   1.4040801293846576E-011
   4.1912838639100289E-011
  0.31299690320125406     
   6.5941910496129187E-005
   478.04899100486125     
   1.0447951032765370E-004
   2.8587640918984835E-005
   6.3749281421298903E-006
   2.3981873482463405E-005
   367.58301607297841     
   5588.7743009347932     
   9.6278309629207765E-003
   2.4071131615765961E-003
   5478.2915712983986     
   9.8599541823427159E-002
   2.2779356621745976     
   8573.3709998116101     
   8575.4797580106315     
   35.901050235453496     
   135119.27841613698     
   135159.31019497369     
   4.1213700441627386E-003
   7.5794472695410375     
   7.1050220529423287     
   1.5071789234709556E-003
   2.7717926451160126     
   2.2948813672001016     
  0.28630526870932527     
   6.4327009117908201E-008
  0.18430364288465387     
   4.1554509903671608E-008
   8.1266732374012114E-006
   1.2905444828830017E-005
   1808.1162923399106     
   1.6410256459268090E-003
   1.8769422870602661E-003
   2.2684248482921598E-007
   31.781747785888488     
   1.7632224016331408E-008
   3.0022296597024856E-004
   6.5135549237994556E-007
   1.0343755833786818E-006
   144.92110651835230     
   2.6359827760692304E-003
   14.505780532360903     
   3.8484981721583869E-006
   8.5284326536274984E-007
   1.9018059407540680E-007
   7.1544131074900614E-007
   10.965952056274091     
   166.72759174820030     
   2.2006770269772919E-004
   163.18733112048648     
  0.16349794710884774     
   13.098819918249148     
   4.0870089629432585E-006
   0.0000000000000000     
   0.0000000000000000     
   0.0000000000000000     
   0.0000000000000000     
   0.0000000000000000     
   0.0000000000000000     
   0.0000000000000000     
   0.0000000000000000     
   0.0000000000000000     
   0.0000000000000000     
   0.0000000000000000     
   0.0000000000000000     
   0.0000000000000000     
   0.0000000000000000     
   0.0000000000000000     
   0.0000000000000000     
   0.0000000000000000     
   0.0000000000000000     
   1775.2542865898258     
   2.5437579487086609E-003
   1.2709602973401336E-004
   351.59710844522573     
  0.94175394227762332     
  0.26695743956643431     
   13.938229166003133     
   3.8714437106094921E-006
   8.1300314173013964E-006
   2.6712961112848949E-005
   7127.4388726875686     
   468.78355371410680     
   1.6464586658656204E-009
   3.6458202137510793E-005
   8.3659788817207741E-003
   5.4960695429666994E-010
   2307.4639815489072     
   1.3200566599963267E-003
   2.8530616252038472E-002
   6.5461124116456583E-003
   1.7925308981712159E-005
   2.5978709146026295E-006
   5.4555286690421198E-006
   4782.7548395500589     
   314.56977047102919     
   1.1048299807190943E-009
   2.4464698446262999E-005
  0.16398892189712028     
   4.7258789055968649E-005
   1.0126219217515093E-009
   546.46965360350555     
  0.14557979175316579     
   20.787404206112910     
   7121.5804861161596     
   9.5031971919700386E-006
   3.1677325231977230E-006
   1775.2595715188343     
   5.5223428568702595E-010
   9.8489783076231552E-007
   1.3033827344389444E-002
   4.9752570375509864     
   5.8764164079938785E-011
   1.0370147087133436E-011
   9.6860570122798938E-003
   3.0130651658584498E-015
   5.3737361527772346E-012
   53.464255565188871     
   1.3028958294950590E-004
   625.81150153204612     
   1.4990290785971440E-004
   2.6453455564850589E-005
   24708.393875229380     
   7.6860998025697562E-009
   1.1105316848018671E-004
   4.6370448812657329E-004
   1773.5762037555305     
   2.6429896986790595     
   1.2353623287454869E-005
   4.1178745927812525E-006
   2307.7378634764382     
   7.1787359495799444E-010
   1.2803119341930504E-006
   2.5141629535299987     
   4.9730752560972710E-007
   1.6576918179031761E-007
   92.900307864073554     
   2.8898723305870751E-011
   5.1540244120016901E-008
   8.0756237035610621     
   4470.1124948080205     
  0.22979980828735569     
   1.6910842465362667E-007
   32439.278517989660     
  0.10917143263691929     
   3464.9144415936689     
   18797.004999970504     
   1867.5314963828218     
   8263.4139862351512     
   521.74312909847288     
   1049.1435284947861     
   112.32012538853591     
   165.75213687097181     
   1.1563359998431295     
   2.3126720686092557     
   2.6837911934767491     
   5.3675827311686772     
   3.4885902706457911E-006
   2.3721449028325026E-005
   2431.7423227928839     
   507.96883203761877     
   9.1446305416907952E-010
   2.0733817813106275E-006
   1.4098422693964909E-005
   1445.2629394014264     
   301.90227000359982     
   5.4349490456064910E-010
   8.0333878019752517E-005
   1.4893997012119061E-004
   3.4813580579565553E-004
   3.4184043289794777E-003
   4.5495069251900252E-005
   99.727666854732988     
   3.0226295370704867E-006
   1.2888920055618573E-004
   1.4321022521131596E-005
   14680.821567767134     
   3066.6899676140210     
   5.5207613087692538E-009
   5.0774511598160738E-002
   5.1006171729557738E-003
   3.3429946307462683E-003
   4.0314504830147647E-013
   1.2090870275699154E-004
   253.11989840498632     
   1.1501943097806789E-005
   5.8803985784234596E-005
   6.5337763064270133E-006
   6697.9298424272165     
   1399.1365644448872     
   2.5187740176687681E-009
   1.1265156782675008E-002
   6.3844707902214006E-004
   7.6271151885938318E-003
   4.2415505033056931E-004
   5.0461889175886391E-014
   1.8632434497129228E-004
   144.10911823935245     
   1.2955527814713467E-010
   8.8094006131273855E-010
  0.10917163289164313     
   3.3960283709735317E-014
   2.4897883696946527E-004
   2.5036870026664788     
   1.6257785824320187E-010
   6.7180676042851580E-007
   1.5576693718557126E-008
   2.5040093917592134     
   6.3840581183561000E-013
   3.1743810723008459E-004
   100.78761046587367     
   34.681804112803491     
   24.535979217223829     
   2.5103872472093255E-009
   1.0373461319965916E-005
   3.9380542823323165E-009
   1.2199097326219601E-007
   6.9128217373996817E-007
   100.78592028929467     
   3.1351719822386375E-011
   2.3169875791381376E-003
   1.0524612642726784E-004
   4.0065341154354517E-004
   3.9829188451741511E-007
   4.4254655667062091E-008
   3.2425429916213506E-007
   9.8686088309213721E-008
   4.6993377552798557E-008
   86.516155461800267     
   5.6903119809951823     
   1.9985478155878723E-011
   1.3686048702499107E-004
   1.8417550769834318E-005
   57.610551293825672     
  0.11453143963088060     
   1.6251479473077049E-002
   8.4384792167276186E-014
   6.3500675835361772E-013
   1.9670905204930585E-011
   1.1146846152518745E-010
   1.6251614615298601E-002
   5.0554290382796777E-015
   8.8157339636652620E-008
  0.12591472841166071     
  0.40800107465463847     
  0.62023510357270761     
   1.1748520869475922     
  0.62262651377857570     
  0.97833998942544720     
  0.99878114448245059     
   4.3941625926939493E-011
   1.8361991385390104E-011
  0.46993516783740336     
   3.2232458998938454E-009
   5.6880810662903229E-010
   1.0803433096151566E-005
   1.8612996898288390     
   4.5406820550638428E-006
   5.1290992214654567E-006
   3.5766271869640513E-006
  0.27054735259969265     
   2.0724132777413610E-010
  0.37354854407644023     
   3.0142800708000894E-009
   2.8613810024831704E-005
   2.9329244509771080     
   8.6103756169217976E-002
   141.57176277143171     
   645.01875808187083     
   1.5685170269206586E-004
   1.7135861325898243E-007
   9.7103213045226835E-007
   141.57224157630250     
   5.5317168370209566E-009
  0.20491757061452631     
  0.20491757061452631     
   99.728195687644373     
   8.1389438767483181E-007
   397.23043869946446     
   3.4467063894075649E-006
   1.3777061077097280E-009
   2.2234215639468039E-009
   2.9105265021559136E-008
   3.2339183892722804E-009
   3.0824353481543185     
  0.92523965084819471     
   1.2466771484276010E-012
   850.87197746914148     
   2.3100120805494728     
  0.89833799945270143     
   4.6951441617559623E-007
   6.1460866152507494E-006
   6.8289852411228428E-007
   846.29078798626665     
   2.6325772089050698E-010
   6.8961858245491552     
   1.2976145393082352E-012
   1.2487974323787641E-011
   3.4451513715140491E-008
   2.6619679218105773E-002
   2.4589832643055116E-003
   3.0661580774127534E-013
   3.5090145401572022E-002
   1.8596430258831977E-002
   1.0332389814942290E-005
   1901.6353304170882     
   397.23430755772273     
   1.6695268473597759E-005
   1.8550298611131939E-006
   7.1511493461684062E-010
  0.14088249451115956     
   1901.6353428731827     
   899.74467231767801     
   1531.9976539586112     
   534.74729523608949     
   910.51564623563672     
   169.67950587400696     
   1.8740775571392664E-002
   9.4147537872746623E-008
   169.69914291938395     
   1.3693554764038416E-006
   1.9201471025228615E-005
   1.4068936994528619E-005
   6.3208266841958081E-006
   3753.8140383831469     
   246.89461619073947     
   8.6714172705538045E-010
   3355.6847500233439     
   6.6711981874187591     
   7.0670483160146740E-007
   1273.8219918385412     
   8.7370381988708746E-006
   1.5418302884086334E-006
   1.2335648060560249E-002
   167.46789045005434     
   1.5571573448834754E-005
   9.2488211531048994E-006
   1808.1091098387246     
   118.92235474107063     
   3.0445685887862363E-006
   6.7766204946345832E-006
   1505.0411921745995     
   3.7044617566572950E-002
   2.3447552540996925E-007
   2.9181739011559497E-006
   361.63846309388487     
   1.5769516466051718E-003
   2.0063430953042246E-007
   361.63951959694293     
   2.4804551320231050E-006
   4.3772738135517221E-007
   37.474147675952935     
   3.4844377713267603E-006
   1.4094899431155489E-003
   7.4128329190088397E-007
   7.8715798563555340E-007
   9.5315017064062459     
   144.91804424256497     
   8.5235945527962608E-004
   1.3368932540396940E-007
   14.884658921065183     
   1.6829630948806136     
   5.1537302241839542E-012
   3.1412479084712651E-010
   1.8115195875517749E-004
  0.39290572134509599     
   2.1660529551382974E-003
   116.97304094563481     
  0.66349371964677772     
   0.0000000000000000     
   0.0000000000000000     
   0.0000000000000000     
   0.0000000000000000     
   0.0000000000000000     
   0.0000000000000000     
   0.0000000000000000     
   0.0000000000000000     
   0.0000000000000000     
   0.0000000000000000     
   0.0000000000000000     
   0.0000000000000000     
   0.0000000000000000     
   0.0000000000000000     
   0.0000000000000000     
   0.0000000000000000     
   0.0000000000000000     
   0.0000000000000000     
   0.0000000000000000     
   0.0000000000000000     
   0.0000000000000000     
   0.0000000000000000     
   0.0000000000000000     
   0.0000000000000000     
   0.0000000000000000     
   0.0000000000000000     
   0.0000000000000000     
   0.0000000000000000     
   0.0000000000000000     
   0.0000000000000000     
   0.0000000000000000     
   0.0000000000000000     
   519.70073729144246     
   6.3979631443978977E-006
   17.797032339600584     
   1.0257582186393574E-010
   1.8101616469275229E-011
   1.4955107134513855E-002
   4.6521213225936320E-015
   5.8434772957137461E-013
   119.32708914886253     
   18.798867928652864     
   4388.4356295701591     
   3.5489264972636578E-003
   1.1319534892340624E-009
   2.5195094117340168E-009
  0.67224480451392477     
   4.4214663086553099E-002
   1.5529046320080717E-013
   3.4386597214854069E-009
   254.67177113566535     
   1.5414404453524185E-006
   5.1381350220125303E-007
   254.69999528353301     
   7.9230143138759851E-011
   9.9520092117755629E-009
   1.5486787411930455E-003
  0.71645450332378768     
   1.7726280465442506E-005
   2.5690262015702937E-006
   5.3949547744680429E-006
   4729.6508958262266     
   311.07703543678190     
   1.0925628185732650E-009
   2.4193061698594554E-005
   300.46087670995070     
   2.3706222562011646E-005
   7.3884678970227046E-010
   475.40250425351331     
   22.330797557380333     
   1.2560226978724392E-002
   9.0016363189947682E-010
   1611.4838791121592     
   4.1602981344257672E-005
   9.2600185475798905E-005
   24707.188349135369     
   1625.0330256742095     
   5.7074308307983995E-009
   1.2638195615175704E-004
   4.1112750542630481E-006
   1.4685078845185886E-004
   1683.8365447887822     
   2.7469384405413817E-002
   1.9074258214524401E-003
   9.6090021150149689E-005
  0.90223949380849089     
   2.3948457724463318E-003
   1.9445045703737923E-002
   24648.291946416928     
   9.7542447316868763E-006
   3.2514150397619141E-006
   1611.7431553361546     
   5.0136883888845527E-010
   6.2976376230654187E-008
   2.6092552092346736E-002
  0.25426566617941071     
   6.1625328253475171E-002
   2.1600289790234920E-007
   3.8118160235331669E-008
   31.492279767254164     
   9.7963795835481709E-012
   1.7471629797772092E-008
   6.1839365743734116E-007
   1.3764246100997116E-006
   247.21042755978809     
   7.6900345204766285E-011
   1.3715009216210085E-007
   1.8916632167909075E-006
   3.3382292451161036E-007
   252.93521737636988     
   1.1368305625899324E-006
   6.9720125476128362E-004
   6.3607513233229742E-007
   999.40107135727885     
   147.11223348370694     
   9.0789826551170126E-006
   1.0087758672707030E-006
   4.2952904974905897     
   5.4852338496179142E-003
   3.0809048452674155     
   1.5846999347697113     
   7.3674635066803040E-007
   3.6665454494659408E-003
  0.23322707393835884     
   1.0625939181556426E-005
   4.6988446003759694E-007
   4.8016686840973754E-006
   8.4735333680635467E-007
   642.03349950657287     
   1.9971891247645203E-010
   3.5619433410504671E-007
   7.5956465155977454E-002
   23.773196736081456     
   21.038041177452378     
   3.4048952727496677E-003
   63.311578648380610     
   2.7000688460987718E-014
   3.0000765453371062E-015
   3.4097045601184615E-006
   1.0606650387187263E-018
   4.8435107062392085E-015
   2.1690040757156069E-003
  0.14552579016451064     
   1.2115088898367719E-009
   273.32801652646003     
   2.0040474252765750E-004
   9.8673433096196361E-002
   244.87008033461038     
   9.5091805878022835E-008
   2.1165595774661894E-007
   56.473144048173253     
   3.7143329643637886     
   1.3045457010244657E-011
   2.8887084657278927E-007
   3.2117816749641320E-006
   5.0050457713463360E-011
   31.581080135462326     
   1.9393376981264963E-006
   2.1548197002620126E-007
   244.90370319504285     
   7.6182786881308218E-011
   3.4788753321830561E-007
   3.6876909838640988E-004
   6.2613924056647921E-011
   6.9571027881485560E-012
   7.9070199521517510E-003
   2.4596558076595950E-015
   1.1231980694351855E-011
   920.69106417357784     
  0.26355107881934048     
   43.612792796301967     
   273.50081893403774     
   2.6539734744706096E-011
   1.3814888462011425     
   8.8506283502741396E-010
   9.8340316631251428E-011
  0.11176762359021539     
   3.4767824810809168E-014
   1.5876674120156449E-010
   3.3581414382980148E-005
   1.3093947557097738E-002
   63.320568415152465     
   6.1444462805336699E-012
   2.9398124553257580E-006
   7.2884926772434494E-002
   2.9063354561410040E-002
   436.07125755185876     
   5.8125146456585114E-004
   16.572195392308725     
   4.8347158938473938E-007
   5.3719066376611548E-008
   61.053824068031275     
   1.8992160618981854E-011
   8.6727411515113983E-008
   4.8844146282332676E-002
   4.6275746354281376E-009
   1.0300085611602317E-008
   2.7482251132702933     
  0.18075535378382129     
   6.3484782322478248E-013
   1.4057692880810471E-008
   3.0326124698952856E-012
   3.4466829647490985E-004
   2.4101826145339156E-005
   1.0721680004234050E-016
   6.5349666015805518E-015
   4.0865821353490309E-004
   13454.938819814881     
   1.3056286583560759E-009
   3.2898668689667836E-002
   7.7378088088956990E-004
   1.0935991587341071E-007
   3.6453306739661126E-008
   16.572244406585728     
   5.1551681224125636E-012
   9.1941301591996699E-009
   21.034225420594151     
   5.7725454674362159E-010
   6.4139395144570689E-011
   7.2896936062379222E-002
   2.2676226091680422E-014
   1.0355064025192319E-010
   1.4346329429732602E-002
   1.9173135658498926E-007
   1.9173135658498926E-007
   2.9228488208244574     
   18.868171532413616     
   6.7785853698376755E-012
   1.2089459491064597E-008
   7.5789729545901454E-003
   2.9289663522303266     
   4.7597501258459570E-005
   4.5919928359506113E-003
   8.9057366335572666E-002
   4.7030735919841596E-012
   8.2995420209063489E-013
   6.2885030087538279E-004
   1.9561798301466250E-016
   3.4888041565465401E-013
   1.1787430697291309E-005
   3.7762747456809288E-011
   4.2918842962484148E-003
   3.0012116055362425E-004
   1.3350868214513171E-015
   2.3810982918072181E-012
   6.6614926224688523E-005
   9.2280536093853680     
   6.5276511391106811E-004
   1.7105738017353197E-008
   3.5922048179621904E-008
   1.1802959015312654E-007
   31.492154143111254     
   2.0712915532523382     
   7.2747772407271400E-012
   1.6108834351353225E-007
   1.1042619518496048E-004
   12550.370005541932     
   3.9040739316722478E-009
   2.3795704351840559E-007
   877.61723090557120     
   1.5345387331607978     
   1.7109002758317781E-006
   1.1406002122149645E-006
   22.682249302936874     
   301.40196039049005     
   1.0081365841580827E-010
   1.7979896587082794E-007
   1.3249350731849866E-006
   14.356442089196129     
   4.2590029626445982E-007
   9.4797163938661443E-007
   252.93376815195467     
   16.635876197120329     
   1.2938042137440407E-006
   8.7968489169448270E-005
   1.7778097762820057E-002
   255.21279302043268     
   2.6509978844316609E-007
   4.6782316154371116E-008
   33.286991832389852     
   1.8467319694705197E-008
   1.2448770690630961E-003
   2.9776895260811265E-007
   31.780704447892937     
   2.0605654911723492E-008
  0.12593405987634326     
   2.9777503228448008E-007
   31.781353328160943     
   9.7515375226686083E-011
   5.5467954747837099E-004
   3.0251749291458616E-002
   254.65676905957298     
   2.3860037313446816E-006
   4.8283334953955205E-009
   254.65676907965300     
   3.0686912444770429E-002
   5840.7117029743031     
   1.3773070664968943E-005
   521.72102503061444     
   1738.1132855205799     
   7.0297212096739934E-010
   3.6368560373431529E-006
  0.24202384861294024     
   1494.7289631874646     
   8.0761455566590062E-005
   5.3840971714881668E-005
   13286.752003944966     
   1079.2855628772618     
   4.4688780283998519E-009
   7.9701467116202135E-006
   3.4338244675091679E-005
   2.6755317303163273E-009
   887.42628831376339     
  0.14470163579499198     
   397.64577651658402     
   4.4024145284497700E-005
   434.86634543731174     
   2.5212604087575150E-006
   2.8014005005573719E-007
   298.99181644671580     
   9.3008107000631226E-011
   4.2472010067267037E-007
   1.0918471194364564E-009
   1.2131634861266674E-010
  0.12948022044390789     
   4.0277725125157300E-014
   1.8392761686792370E-010
   109.22129173244092     
   1.0598520773541979E-011
  0.40006864774779394     
   5.9030660325944626E-009
   875.17515873332331     
  0.27553761631012880     
   448.64446587578698     
   423.97767383808184     
   2.4062712914730953E-006
   3.4873497618026394E-007
   7.3234341620094026E-007
   642.03109002498547     
   42.227456643674458     
   1.4831100915891704E-010
   3.2841108393639625E-006
   4.3028912965955562E-006
   1.4342971558590317E-006
   36.418743277906863     
   575.90799183771355     
   1.9047795747657280E-010
   3.3971329196506020E-007
   6.5167144563801381E-005
   2.0051430130825924E-005
   1.5038572971606427E-005
   13416.779260487554     
   882.44397089546044     
   3.0993141963076905E-009
   6.8629371510663212E-005
   2.0128449565827041E-002
   7.0158635126697016E-003
   1.7882715426482433E-003
   29.745860750995110     
   2.1098108243505610E-011
   2.2517886321713095E-003
   1.5746217068326939E-004
   7.0046933234748956E-016
   4.2694276368205124E-014
   875.64939673729009     
   8.4970505058613507E-011
   5.6620986523022603E-004
   1.1164119022763457E-003
   1.9237794686073493     
   409.15408332051834     
   1.8263626017619959E-002
   14.521279089103757     
   7.8298634361463257     
   3.8211076611258887E-002
   1.9541582590549864     
   1.7291280773611797     
   13853.962068292691     
   2.7014375030126950E-003
   115.53195878974311     
   29.750422357862853     
   2.8868956261190571E-012
   2.4092445144974785E-003
  0.12018888709556108     
   303.45649404931510     
   1.3357201154975420E-011
   1.4256061904345180E-003
   9.9689216864404093E-005
   4.4346676332636570E-016
   7.9091332163837809E-013
   2.3220021776218171E-011
   4.0976510932455810E-012
   2.9155990913909591E-003
   9.0696245631645995E-016
   1.6175478034610716E-012
   8.1185892156021824E-007
   2.7061965127353121E-007
   115.53229876078446     
   3.5938911415279188E-011
   6.4096266404089157E-008
   8.4466596531183331E-006
  0.10229933415206342     
   2.6562367537568832E-012
   2.8349857994052716E-004
   1.9824374786018408E-005
   8.8188588473740435E-017
   5.3751788907040466E-015
   1.2133471564880795E-009
   1.3481635295303125E-010
  0.14388869512991243     
   4.4759804170791043E-014
   2.0439496240234588E-010
   2.5594245859095179E-006
   2.8438051425394622E-007
   303.51763877361100     
   9.4415965490700392E-011
   4.3114906497393276E-007
   1.5252921680207531E-003
   2.1415544451651772E-004
   5.3263345260257987E-003
   1.6297226310375258E-002
   8.2624316437349116E-014
   9.1804797561496871E-015
   9.7982716773177190E-006
   3.0479720529328580E-018
   1.3918517846625388E-014
   8.6278641004937669E-010
   9.5865158259377575E-011
  0.10231631570073739     
   3.1827783621965671E-014
   1.4534108799803319E-010
   3.0332211524421729E-004
   2.3699486023322246E-002
   6.0234618798100541E-002
   1.1434641214293364     
   1.4062784571732365E-006
   6.3180625522505058E-007
   375.21724750531217     
   24.678664782998027     
   8.6676252125389077E-011
   1.9193074117338336E-006
   1.3515902783171056E-006
   1.6674093143257328E-005
   1.3692526153497276E-003
   2.0099094367157955     
   284.34547936414168     
   3.9063667081822603E-009
   1.2497405600897750E-005
   1273.1286763087855     
   11.862937458681316     
   3.9084445986874906E-009
   1273.8058841046889     
   1.2504053271835481E-005
   2.4988367497116640E-002
   2.3446952127232421E-007
   3.5498586339547741E-006
   361.62920273672665     
   1.4130312201312256E-008
   361.63455785095437     
   3.5499112013313393E-006
   4.2990711278734026E-003
   1.1096194382263543E-009
   361.63740686111345     
   3.5499391680531499E-006
   1.7931659454895246E-003
   9.9539098384817521E-007
   2.7394957253641845     
   3.6107431393914123E-008
   1.1863870644557092E-007
   1.7194015742516331E-008
   31.654675966222332     
   2.0819808848839365     
   7.3123202444390201E-012
   1.4572770226644636E-007
   1.6191967588713809E-008
   5.9553773914722364E-005
   5.1362143492646597E-009
   7.2382634795947025E-003
   30.997060997365754     
   0.0000000000000000     
   0.0000000000000000     
   0.0000000000000000     
   0.0000000000000000     
   0.0000000000000000     
   0.0000000000000000     
   0.0000000000000000     
   0.0000000000000000     
   3.0416832146446946E-007
   23.832406485788784     
   7.1536577300759419     
   9.6389098884623759E-012
   9.5075173407761483E-011
   7.1285947042276903E-004
   1.5019172143268367     
   2.3395023954388316E-007
   16.567572517105273     
   7.2652747397070794     
   7.4137413997962679E-012
   7.3126811780825978E-011
   3.6960735435935397E-004
   1.7644488986470619     
   4540.4499668204407     
   1143.6046926655017     
   2955.2557347043239     
   10552.866374606865     
   2.3748695220780926E-004
   25.641468482984610     
   2.3639959821792813E-007
   1.3093881989535916E-016
   1.3294134455962776E-022
   9.4142244332055101E-012
   1.3397094836445260E-023
   1.3647813122334439E-015
   4.2454582145157678E-028
   2.5876474236602960E-026
   1.2338388474403571E-015
   8.3694491532077443E-020
   9.2993881019771365E-021
   9.4734202172983539E-012
   2.9469197241037283E-024
   1.7961757828019251E-022
   5.9169633765105626E-014
   1.5688078069497743E-006
   2.4597864556122729E-005
   1682.0147101750313     
   737.60347045612571     
   93.255130796571535     
   1.9129018118102099E-002
   4.0796230392348254E-002
   5.1610881257736672E-009
   1682.0564439370721     
   1.4534833786644364E-005
   2.5649706982086443E-006
   3.6759827129873981E-002
   5.1611338820679894E-009
   1146.5099146654647     
   535.56144176057114     
   1.7099955575762995E-005
   9.9375082649578311E-003
   129.74838427054297     
   4.6965273706900923E-005
   6.4515942256244580E-006
   1261.2619596842785     
   82.955304729574848     
   2.1237648346499606E-006
   4.7270895315945962E-006
   1214.4635321450751     
  0.63233986825858823     
   3.7191050564712438E-003
   7.1322812899075324E-007
   7.9247573168086034E-008
   1.7671887592557557E-007
   8.4151849560151047E-008
   5.8064775130638018E-007
   10.189739548663601     
   154.92596782949238     
   3.2273641978060964E-004
   4.4820950693807434E-004
   165.11163105239496     
  0.32824669057211930     
   1.6648168684052427E-006
   1.8497965970172610E-007
   4.1249714312701432E-007
   1.9642722007260612E-007
   1.3553477936215365E-006
   361.62814408556619     
   23.784886764457831     
   5.8389079077869072E-008
   0.0000000000000000     
   0.0000000000000000     
   0.0000000000000000     
   0.0000000000000000     
   0.0000000000000000     
   0.0000000000000000     
   0.0000000000000000     
   0.0000000000000000     
   0.0000000000000000     
   0.0000000000000000     
   0.0000000000000000     
  0.64844892228745576     
   2440.5400369785566     
   2441.1248637657754     
   5.0029972589600992E-004
   261.47104691604460     
  0.13964790223985854     
   2.7318379089312149E-007
   6.2432573334653811E-008
   4.6576680955076094E-008
   9.6357569294441812E-007
   2.7003099156605651E-014
   3688.8757275476373     
   1900.6009090039477     
   866.04861562611427     
   2.5994780521767605E-005
   2.8883089946843532E-006
   1.5470511539094161E-002
   1.5094504550267234E-003
   35.840956431399810     
   66.914542771839962     
   66.914846447390005     
   6.9857330417665836E-007
   2.6145943485693782E-009
   63.620052397018441     
   250.37057889235209     
   6.6350564068707487E-005
   1.1084057543595652E-005
   1.2315620002653602E-006
   2.7463333401759517E-006
   1.3077778413543355E-006
   9.0236669397019465E-006
   158.35558767355349     
   2407.6565023441544     
   5.5617550476690130E-010
   2349.4189166284023     
  0.67836537376824768     
   11.935378319928841     
   6.1952023846894820E-003
   5.9606830385910867E-007
   49.097324929723520     
   7.9987862248504156     
   1.7518916346112176E-010
   1.1398719145391615E-002
   8.1069508476534402     
   5.8584071207077484E-007
   33.286895726154505     
   15.814982236269863     
   1.7218319377942644E-010
   4.3910437073665766E-003
   11.132842522575469     
   2.9516755344117381E-007
   1.7233764047117314E-008
   2.0583295580191462E-010
   2.5733822644720983E-010
   3.8503657824941056E-012
   5.9456491594816303E-009
   1.9904998505854228E-008
   3.0874945734955602E-010
   3.8600736923457298E-010
   5.7755491160822929E-012
   5.8372587046282112E-016
   1.2987408571894768E-007
   1.1524734803536946E-015
   2.0337767538050562E-016
   3.0390046789329924E-003
   3.4315411343308149E-003
  0.23543992916634307     
   2.0535497959287424E-012
  0.23794197419008026     
   2.4840512970909587E-009
   7.4017185013344212E-014
   2.5015792444249068E-003
   0.0000000000000000     
   0.0000000000000000     
   0.0000000000000000     
   0.0000000000000000     
   0.0000000000000000     
   0.0000000000000000     
   0.0000000000000000     
   0.0000000000000000     
   0.0000000000000000     
   250.07508692321625     
   118.81351418170240     
   3.8510994589156619E-006
   1.4413752745571812E-008
   0.0000000000000000     
   0.0000000000000000     
   0.0000000000000000     
   0.0000000000000000     
   0.0000000000000000     
   0.0000000000000000     
   0.0000000000000000     
   0.0000000000000000     
   0.0000000000000000     
   0.0000000000000000     
   0.0000000000000000     
   0.0000000000000000     
   0.0000000000000000     
   0.0000000000000000     
   0.0000000000000000     
   0.0000000000000000     
   0.0000000000000000     
   0.0000000000000000     
   0.0000000000000000     
   4.6111771509877908     
  0.13199273868634148     
  0.81240598194719327     
   3057.6183521576954     
   3063.9803944050623     
   0.0000000000000000     
   0.0000000000000000     
   0.0000000000000000     
   0.0000000000000000     
   0.0000000000000000     
   0.0000000000000000     
   0.0000000000000000     
   0.0000000000000000     
   0.0000000000000000     
   0.0000000000000000     
   0.0000000000000000     
   0.0000000000000000     
   0.0000000000000000     
   0.0000000000000000     
   0.0000000000000000     
   0.0000000000000000     
   0.0000000000000000     
   0.0000000000000000     
   0.0000000000000000     
   0.0000000000000000     
   0.0000000000000000     
   0.0000000000000000     
   0.0000000000000000     
   0.0000000000000000     
   0.0000000000000000     
   2.4385994266607458E-010
   6.8194613629010639E-028
   1.0759320078295996E-027
   5.0702140630150321E-028
   5.3917147038727830E-026
   5.3908698565680130E-026
   1.2269611287970586E-046
   0.0000000000000000     
   1.7704755245946749E-003
   6.0382305508623975E-014
   10298.023456061012     
   34.506038209693273     
   3.6576110265941170E-005
   8.1471946490789872E-007
   1.8784320817043201E-007
   6.7578525925963600E-014
   382.91559882087120     
   464.83053533823937     
   104.58687297095523     
   5.4927160069066748E-009
   2.9352992371467208E-004
   5.0708102540836300E-028
   187.90558599244562     
   1804.9617750896721     
   1407.4903734932773     
   157.26947315806251     
   121.57711544556059     
   593.62329778200569     
   228.28541116682135     
   2.6837076573720468E-002
   1.1863071350415293E-015
   0.0000000000000000     
   1261.1773683479569     
   467.14887841710987     
   270.91352266551377     
   766.79530526944075     
   6.9039869810990639E-002
   5.0316797538876648E-002
   7.4397461448062405E-005
   7.8660110269088840E-002
   3.0254567598078490E-004
   190.44617577418612     
   515.13190408959520     
   57.868345973771227     
   345.77495307934879     
   543.32978817229412     
   8.8535690715326076     
   95.984448708786971     
   6.6117958633130902     
   12.279049526271976     
   40.554361216805319     
   30.286077799086982     
   87.021510055194170     
   50.261867162222828     
   118.07736912986049     
   10.345029038816520     
   0.0000000000000000     
   0.0000000000000000     
   0.0000000000000000     
   0.0000000000000000     
   0.0000000000000000     
   0.0000000000000000     
   0.0000000000000000     
   0.0000000000000000     
   0.0000000000000000     
   0.0000000000000000     
   0.0000000000000000     
   0.0000000000000000     
   0.0000000000000000     
   0.0000000000000000     
   0.0000000000000000     
   0.0000000000000000     
   0.0000000000000000     
   0.0000000000000000     
   0.0000000000000000     
   0.0000000000000000     
   0.0000000000000000     
   0.0000000000000000     
   0.0000000000000000     
   0.0000000000000000     
   0.0000000000000000     
   0.0000000000000000     
   0.0000000000000000     
   0.0000000000000000     
   0.0000000000000000     
   0.0000000000000000     
   347.68244306573212     
   0.0000000000000000     
   0.0000000000000000     
   0.0000000000000000     
   0.0000000000000000     
   0.0000000000000000     
   0.0000000000000000     
   0.0000000000000000     
   2.4282642642163717E-008
   0.0000000000000000     
   9.9382286022326156E-012
   1.4907344045081313E-011
   0.0000000000000000     
   0.0000000000000000     
   0.0000000000000000     
   0.0000000000000000     
   0.0000000000000000     
   0.0000000000000000     
   0.0000000000000000     
   0.0000000000000000     
   0.0000000000000000     
   0.0000000000000000     
   0.0000000000000000     
   0.0000000000000000     
   0.0000000000000000     
   0.0000000000000000     
   0.0000000000000000     
   0.0000000000000000     
   0.0000000000000000     
   0.0000000000000000     
   0.0000000000000000     
   0.0000000000000000     
   0.0000000000000000     
   0.0000000000000000     
   0.0000000000000000     
   0.0000000000000000     
   0.0000000000000000     
   0.0000000000000000     
   0.0000000000000000     
   0.0000000000000000     
   0.0000000000000000     
   0.0000000000000000     
   0.0000000000000000     
   0.0000000000000000     
   0.0000000000000000     
   0.0000000000000000     
   0.0000000000000000     
   0.0000000000000000     
   0.0000000000000000     
   0.0000000000000000     
   0.0000000000000000     
   0.0000000000000000     
   0.0000000000000000     
   0.0000000000000000     
   0.0000000000000000     
   0.0000000000000000     
   0.0000000000000000     
   0.0000000000000000     
   0.0000000000000000     
   0.0000000000000000     
   0.0000000000000000     
   0.0000000000000000     
   0.0000000000000000     
   0.0000000000000000     
   0.0000000000000000     
   0.0000000000000000     
   0.0000000000000000     
   0.0000000000000000     
   0.0000000000000000     
   0.0000000000000000     
   0.0000000000000000     
   0.0000000000000000     
   0.0000000000000000     
   0.0000000000000000     
   0.0000000000000000     
   0.0000000000000000     
   0.0000000000000000     
   0.0000000000000000     
   0.0000000000000000     
   0.0000000000000000     
   0.0000000000000000     
   0.0000000000000000     
   0.0000000000000000     
   0.0000000000000000     
   0.0000000000000000     
   0.0000000000000000     
   0.0000000000000000     
   0.0000000000000000     
   0.0000000000000000     
   0.0000000000000000     
   0.0000000000000000     
   0.0000000000000000     
   0.0000000000000000     
   0.0000000000000000     
   0.0000000000000000     
   0.0000000000000000     
   0.0000000000000000     
   0.0000000000000000     
   0.0000000000000000     
   0.0000000000000000     
   0.0000000000000000     
   0.0000000000000000     
   0.0000000000000000     
   0.0000000000000000     
   0.0000000000000000     
   0.0000000000000000     
   0.0000000000000000     
   0.0000000000000000     
   0.0000000000000000     
   0.0000000000000000     
   0.0000000000000000     
   0.0000000000000000     
   0.0000000000000000     
   0.0000000000000000     
   0.0000000000000000     
   0.0000000000000000     
   0.0000000000000000     
   0.0000000000000000     
   0.0000000000000000     
   0.0000000000000000     
   0.0000000000000000     
   0.0000000000000000     
   0.0000000000000000     
   0.0000000000000000     
   0.0000000000000000     
   0.0000000000000000     
   0.0000000000000000     
   0.0000000000000000     
   0.0000000000000000     
   0.0000000000000000     
   0.0000000000000000     
   0.0000000000000000     
   0.0000000000000000     
   0.0000000000000000     
   0.0000000000000000     
   0.0000000000000000     
   0.0000000000000000     
   0.0000000000000000     
   0.0000000000000000     
   0.0000000000000000     
   0.0000000000000000     
   0.0000000000000000     
   0.0000000000000000     
   0.0000000000000000     
   0.0000000000000000     
   0.0000000000000000     
   0.0000000000000000     
   0.0000000000000000     
   0.0000000000000000     
   0.0000000000000000     
   0.0000000000000000     
   0.0000000000000000     
   0.0000000000000000     
   0.0000000000000000     
   0.0000000000000000     
   0.0000000000000000     
   0.0000000000000000     
   0.0000000000000000     
   0.0000000000000000     
   0.0000000000000000     
   0.0000000000000000     
   0.0000000000000000     
   0.0000000000000000     
   0.0000000000000000     
   0.0000000000000000     
   0.0000000000000000     
   0.0000000000000000     
   0.0000000000000000     
   0.0000000000000000     
   0.0000000000000000     
   0.0000000000000000     
   0.0000000000000000     
   0.0000000000000000     
   0.0000000000000000     
   0.0000000000000000     
   0.0000000000000000     
   0.0000000000000000     
   0.0000000000000000     
   0.0000000000000000     
   0.0000000000000000     
   0.0000000000000000     
   0.0000000000000000     
   0.0000000000000000     
   0.0000000000000000     
   0.0000000000000000     
   0.0000000000000000     
   0.0000000000000000     
   0.0000000000000000     
   0.0000000000000000     
   0.0000000000000000     
   0.0000000000000000     
   0.0000000000000000     
   0.0000000000000000     
   0.0000000000000000     
   0.0000000000000000     
   0.0000000000000000     
   0.0000000000000000     
   0.0000000000000000     
   0.0000000000000000     
   0.0000000000000000     
   0.0000000000000000     
   0.0000000000000000     
   0.0000000000000000     
   0.0000000000000000     
   0.0000000000000000     
   0.0000000000000000     
   0.0000000000000000     
   0.0000000000000000     
   0.0000000000000000     
   0.0000000000000000     
   0.0000000000000000     
   0.0000000000000000     
   0.0000000000000000     
   0.0000000000000000     
   0.0000000000000000     
   0.0000000000000000     
   0.0000000000000000     
   0.0000000000000000     
   0.0000000000000000     
   0.0000000000000000     
   0.0000000000000000     
   0.0000000000000000     
   0.0000000000000000     
   0.0000000000000000     
   0.0000000000000000     
   0.0000000000000000     
   0.0000000000000000     
   0.0000000000000000     
   0.0000000000000000     
   0.0000000000000000     
   0.0000000000000000     
   0.0000000000000000     
   0.0000000000000000     
   0.0000000000000000     
   0.0000000000000000     
   0.0000000000000000     
   0.0000000000000000     
   0.0000000000000000     
   0.0000000000000000     
   0.0000000000000000     
   0.0000000000000000     
   0.0000000000000000     
   0.0000000000000000     
   0.0000000000000000     
   0.0000000000000000     
   0.0000000000000000     
   0.0000000000000000     
   0.0000000000000000     
   0.0000000000000000     
   0.0000000000000000     
   0.0000000000000000     
   0.0000000000000000     
   0.0000000000000000     
   0.0000000000000000     
   0.0000000000000000     
   0.0000000000000000     
   0.0000000000000000     
   0.0000000000000000     
   0.0000000000000000     
   0.0000000000000000     
   0.0000000000000000     
   0.0000000000000000     
   0.0000000000000000     
   0.0000000000000000     
   0.0000000000000000     
   0.0000000000000000     
   0.0000000000000000     
   0.0000000000000000     
   0.0000000000000000     
   0.0000000000000000     
   0.0000000000000000     
   0.0000000000000000     
   0.0000000000000000     
   0.0000000000000000     
   0.0000000000000000     
   0.0000000000000000     
   0.0000000000000000     
   0.0000000000000000     
   0.0000000000000000     
   0.0000000000000000     
   0.0000000000000000     
   0.0000000000000000     
   0.0000000000000000     
   0.0000000000000000     
   0.0000000000000000     
   0.0000000000000000     
   0.0000000000000000     
   0.0000000000000000     
   0.0000000000000000     
   0.0000000000000000     
   0.0000000000000000     
   0.0000000000000000     
   0.0000000000000000     
   0.0000000000000000     
   0.0000000000000000     
   0.0000000000000000     
   0.0000000000000000     
   0.0000000000000000     
   0.0000000000000000     
   0.0000000000000000     
   0.0000000000000000     
   0.0000000000000000     
   0.0000000000000000     
   0.0000000000000000     
   0.0000000000000000     
   0.0000000000000000     
   0.0000000000000000     
   0.0000000000000000     
   0.0000000000000000     
   0.0000000000000000     
   0.0000000000000000     
   0.0000000000000000     
   0.0000000000000000     
   0.0000000000000000     
   0.0000000000000000     
   0.0000000000000000     
   0.0000000000000000     
   0.0000000000000000     
   0.0000000000000000     
   0.0000000000000000     
   0.0000000000000000     
   0.0000000000000000     
   0.0000000000000000     
   0.0000000000000000     
   0.0000000000000000     
   0.0000000000000000     
   0.0000000000000000     
   0.0000000000000000     
   0.0000000000000000     
   0.0000000000000000     
   0.0000000000000000     
   0.0000000000000000     
   0.0000000000000000     
   0.0000000000000000     
   0.0000000000000000     
   0.0000000000000000     
   0.0000000000000000     
   0.0000000000000000     
   0.0000000000000000     
   0.0000000000000000     
   0.0000000000000000     
   0.0000000000000000     
   0.0000000000000000     
   0.0000000000000000     
   0.0000000000000000     
   0.0000000000000000     
   0.0000000000000000     
   0.0000000000000000     
   0.0000000000000000     
   0.0000000000000000     
   0.0000000000000000     
   0.0000000000000000     
   0.0000000000000000     
   0.0000000000000000     
   0.0000000000000000     
   0.0000000000000000     
   0.0000000000000000     
   0.0000000000000000     
   0.0000000000000000     
   0.0000000000000000     
   0.0000000000000000     
   0.0000000000000000     
   0.0000000000000000     
   0.0000000000000000     
   1.5025813399923510E-017
   7.1698015606054025E-014
   3.1521441832838114E-018
   1.6942423180502396E-008
   1.0246786277532632E-010
   2.9544153676131154E-007
   5.3752601797001338E-008
   8.8079663391447484E-023
   5.2899295527306561E-023
   1.3452018343923228E-002
   2.9412968927316278E-031
   7.5656392694801514E-051
   8.8076401624225224E-023
   2.4814778714119690E-015
  0.28530003814289817     
   1.6622655907709541E-003
   3.6873182725514850E-003
   4.3297228573843212E-007
   5.7960356920477497E-002
   5.8045657883469746E-008
   3.7980321906181717E-014
   4.0072538664675248E-006
  0.14367767431338518     
   5.5633847302382039E-005
   2.0455891139546663E-005
   1.6556082677019131E-020
   3.4254434185253508E-015
   6.2352699394776876E-016
   3.3230566180859886E-006
   5.3135853605279722E-008
   1.6348070544010071E-016
   4.2305665398106516E-015
   2.9424233262966948E-008
   2.1474339082171526E-005
   6.4844468101283659E-008
   1.3931211777303511E-010
   8.0476348973163455E-012
   1.0652343942182530E-011
   4.2609375768730121E-011
   8.4365374608087280E-006
   6.3500819379458343E-007
   4.0294861975542878E-009
   1.5122061739772422E-016
   9.7179084912786395E-011
   2.9153725473835924E-010
   6.8005055071967907E-013
   2.0401516521590372E-012
   2.3563391845275177E-019
   7.0690175535825516E-019
   5.0503451242438347E-005
   1.5151035372731506E-004
   3.5341863798663639E-007
   1.0602559139599095E-006
   7.5634818431934652E-005
   3.1654008230753401E-011
   1.8152342716718456E-012
   2.7849220804825662E-012
   5.6143087825689957E-006
  0.11042926420694027     
  0.27736204927643487     
   4.7769713299443126E-007
   3.0748825592668779E-017
   5.0355444929228345E-010
   8.1220672946195828E-004
   1.9615367520072514E-010
   9.8139092534252631E-011
   1.7318798434422773E-006
   1.9243110168093866E-007
   1.6443591381529667E-009
   1.8270657846849670E-010
   9.7939676869469304E-007
   6.4640189302419989E-007
   3.3299490485879143E-007
   3.9333466703040721E-009
   6.8589597397552625E-008
   4.6044609251721317E-006
   2.4371472451615656E-007
   8.3604597497345493E-010
   5.8474833532719336E-007
   5.2181120730835862E-010
   4.6486793089159887E-016
   4.4434800548466722E-013
   2.2421943072356853E-010
   2.1299524100833137E-013
   2.2443362948175192E-010
   2.2404582023936361E-005
   6.6922780345839454E-006
   5.1410960725508307E-008
   1.5356521395159160E-008
   1.4785311742456353E-018
   6.3443393419114446E-006
   6.7054834221826692E-006
   5.3852344370486197E-006
   6.3377329218425180E-006
   5.3774701671399625E-006
   7.4900474261800895E-006
   6.5677883496605036E-009
   5.5726687050297817E-009
   7.7619310928250236E-009
   8.4029633160683773E-005
   2.2719122730570289E-004
   8.7006707965161342E-008
   2.3524035537123638E-007
   2.9988071791380168E-004
   9.8071831086421429E-007
   8.1315925880724684E-010
   4.7315720913997547E-008
   1.2413831381201475E-009
   9.0076213864562836E-011
   1.3749738781869308E-010
   3.4374346954673270E-011
   2.7239960174349812E-012
   1.0895984069739925E-011
   7.1372205140289093E-012
   1.2445866653217021E-010
   3.8235712854319568E-008
   7.0624581844732208E-011
   1.3695978746806146E-007
   1.3695978746806146E-007
   1.3695978746806146E-007
   4.5653261355542820E-008
   2.0821687658888885E-011
   3.8459410703638034E-014
   4.0615008213371354E-014
   4.0615008213371354E-014
   4.0615008213371354E-014
   1.3538335734895582E-014
   2.8421256844619500E-018
   2.6400995117109232E-002
   4.7864694667050494E-005
   5.4887214199683877E-002
   1.6073912924915019E-006
   4.0184782312287548E-007
   4.8823370167693260E-009
   1.2205842541923315E-009
   8.7532327146674924E-010
   2.1883081786668731E-010
   1.1104117413608673E-011
   2.7760293534021683E-012
   4.0307080614983487E-007
   2.1949678343578886E-010
   1.7032153466877486E-006
   1.0439061591000781E-006
   1.6545305524860757E-009
   1.0140670922900705E-009
   1.7988785994136293E-006
   1.1002335660874907E-008
   3.4840727771130866E-009
   3.8508172080602668E-009
   1.0186798096888049E-010
   3.2168835780072118E-011
   8.3774214801970644E-009
   3.3388639401115085E-007
   1.8920228772841005E-006
   1.3121505861850728E-009
   7.4355199014817844E-009
   2.2094238289017985E-009
   6.2883604401096807E-009
   1.7072879044064341E-013
   4.8592042764758093E-013
   1.5150824853371689E-006
   3.3519831592102203E-007
   2.2095948566697772E-009
   3.9674613335676519E-008
   1.1850859037374264E-008
   9.1039858981570409E-011
   2.7193725278296403E-011
   3.6966878740286444E-008
   3.1365835394082649E-008
   4.3688126081857331E-008
   3.8308751490143466E-011
   3.2504394050536155E-011
   4.5273975574140095E-011
   45854.232839582233     
   45854.229409069165     
   2.8283371929485559E-014
   6.7487755735717192     
   2.2455991588461322E-005
   0.0000000000000000     
   1.4141406703928148E-017
   4.9421357137008158E-009
   1.2099711557409355E-008
   7.0482822866906025E-011
   8.2581502786411917E-007
   9.3371084895638272E-009
   2.3289084417092877E-007
   8.9776011149515059E-009
   5.8029220470957948E-007
   9.1534875894205916E-012
   9.8953543410730972E-008
   2.2264546345837797E-007
   7.4215159401201577E-008
   9.8953543410730972E-008
   4.9669372822019665E-007
   8.7651835416202615E-008
   2.2411049913545267E-008
   5.1910514239735623E-007
   2.1105921575617940E-013
   4.2592943922894507E-016
   2.0005289415882351E-010
   5.2236033474803922E-010
   5.1828669800991145E-012
   9.1168910588155920E-009
   5.2665490850902058E-010
   7.4175616010135649E-011
   1.3486475638206480E-011
   3.4940064005111803E-013
   2.4276607329742641E-011
   1.4023853449243725E-012
   1.3593826091354757E-003
   1.3593824058149232E-003
   8.3848139361508982E-022
   1.2914948692461391E-008
   2.9430618255681363E-008
   1.2591151755490538E-007
   1.4156085621294976E-007
   2.8834146489022334     
   2.8834067063605562     
   1.0689390853021867     
   1.0689284556217020     
   134.29459573738137     
   134.29287707452735     
   1.5365406244437958E-010
   5.6962203530414202E-011
   7.1563425562985971E-009
   2.0503028244721998E-005
   2.0502977700476000E-005
   9.0197906769448920E-016
   7.1054918767419879E-005
   7.1054554015475709E-005
   3.1258737790481322E-015
   1.0524788068093143E-010
   7.3290928714348732E-014
   3.9789718784980592     
   1.0032474352431054E-013
   7.3681259650024986E-006
   1.0098034872215142E-005
  0.60829362027873068     
   6.4797997437741515E-005
   100.53018777154246     
   1.4831300001602408E-002
   35.655570944456137     
  0.26424232329647696     
   2.9451716604475126E-010
   5.9283357341868869E-007
   72.501616646591145     
   89.594132887673638     
   11.543095492644632     
   2.9269492025125085E-017
   1.2749608848428913E-003
   3.4281080050579195E-005
   8.6486866708603216     
   8.4335677028647122     
  0.49051322204665398     
   7.8512781549436013E-004
   4.0125157138736160E-003
   248.28194587559111     
   5.3878273048749831E-004
   0.0000000000000000     
   0.0000000000000000     
   0.0000000000000000     
   0.0000000000000000     
   0.0000000000000000     
   0.0000000000000000     
   0.0000000000000000     
   0.0000000000000000     
   0.0000000000000000     
   0.0000000000000000     
   0.0000000000000000     
   0.0000000000000000     
   0.0000000000000000     
   0.0000000000000000     
   0.0000000000000000     
   0.0000000000000000     
   0.0000000000000000     
   0.0000000000000000     
   0.0000000000000000     
   0.0000000000000000     
   0.0000000000000000     
   0.0000000000000000     
   0.0000000000000000     
   1.9911771472723534     
   9.4328240919371658E-018
   2.6870204893693832E-012
   3.2240461447440394E-013
   6.7833249697304009E-006
   3.5002464462905041E-007
  0.96974749816903194     
   3.6000648929787083E-014
   6.1367603350066133E-017
   5.4087032683182848E-009
   1.6940946588377405E-004
   2.8812987616778376E-006
   1.2184160545436869E-010
   1.1378314476892786E-015
   1.4609087026390167E-008
   2.4525495516145197E-007
   12.433458390578910     
   2.7809704362036667E-007
   1.3354211145512769E-003
   1.4509179696155354E-003
   3.8410845925948605E-004
   2.6230617243973455E-004
   4.0893236448607955E-009
   2.4026295472075725E-003
   4.2431935070255840E-004
   6.5666916058682652E-009
   2.7763526370909733E-009
   1.0003454832478589E-007
   1.3770115867192279E-003
   3.6439441877951302E-008
   1.9157655537689479E-005
   3.4280928501210003E-003
   8.0897428269537463E-006
   1.9820257832181314E-010
   5.9460773496543938E-010
   9.1049987398241451E-007
   5.0794639812076194E-002
   1.8534611451481388E-010
   5.2901036103737513E-006
   2.8807854446976500E-009
   3.6768350824809717E-006
   4.0853724829699495E-007
   2.1576180222486959E-004
   5.8335597585464419E-004
   2.9343137892359930E-007
   2.8078377474342775E-002
   3.5997925431056340E-004
   5.7156949123685501E-007
   2.7246042232301441E-008
   640.74173063376270     
   640.77370811445496     
   1.9908371285182382     
   1.3513454791330651E-002
   5.0085966025935277E-002
   0.0000000000000000     
   0.0000000000000000     
   0.0000000000000000     
   0.0000000000000000     
   0.0000000000000000     
   0.0000000000000000     
   0.0000000000000000     
   1.4639165086276135E-320
   6.2020060522451679E-320
   0.0000000000000000     
   2.9643938750474793E-323
   0.0000000000000000     
   2.5199047523725268E-317
   0.0000000000000000     
   8.3991159793011913E-323
   0.0000000000000000     
   3.5366503499995615E-318
   1.3517636070216505E-320
   8.3991159793011913E-323
   1.4639165086276135E-320
   4.9406564584124654E-323
   3.2514954218458276E-319
   5.5892164317082698E-319
   4.4465908125712189E-322
   0.0000000000000000     
   0.0000000000000000     
   0.0000000000000000     
   0.0000000000000000     
   0.0000000000000000     
   6.7790747265877438E-320
   0.0000000000000000     
   8.3241168142624900E-319
   1.6483692031503159E-315
   6.5934767434320733E-316
   0.0000000000000000     
   0.0000000000000000     
   2.8181751471607624E-318
   3.8194056013114444E-317
   3.5001438394283518E-318
   4.7436611219057061E-317
   0.0000000000000000     
   0.0000000000000000     
   3.6625086326211606E-320
   1.2475157557491475E-320
   1.2549267404367662E-321
   3.8514334562096678E-316
   6.8619443573646961E-318
   4.4959973771553436E-322
   3.4584595208887258E-322
   0.0000000000000000     
   4003074342930175.0     
   4003074342930174.0     
   6.3435253703851904E-005
   6.3435253600269343E-005
   10.949605750750361     
   1.1685069043540779E-004
   445.35832005122273     
   451.88147946844566     
   716810.75901050970     
   716798.29161364818     
   19040746.406080786     
   19040746.406080790     
   68900503.058322176     
   68900502.920279801     
   1.1895611872735041E-002
  0.22718708286499875     
   318925573.52056414     
   318960339.72643793     
   112173505.27355121     
   112173753.18971214     
   36056167.424335577     
   36043895.914583370     
   2307.7711786247437     
   2307.8259889127894     
   1.3142995528645309     
   1.3106126675705587     
   5838513419.2198982     
   5838513419.6612883     
   236497069.64733574     
   236495323.75461718     
   8.2583795439521239     
   8.2589182990655789     
   140717875.46968359     
   140717875.51044816     
   4052.7424380209559     
   4052.7405226289566     
   1668872465.1348505     
   1668872465.1368079     
   1447702.7328154629     
   1449448.6049025278     
   3609935.2563327379     
   3609935.8374108444     
   233525073890.55307     
   233525073890.55310     
   35198638.438133411     
   35198638.438131087     
   129499870.75971401     
   129499877.51140697     
   273308771.13878161     
   273308767.16961914     
   10619241.299919035     
   10619241.301008664     
   14476158.365115061     
   14476158.365317049     
   1562.5971627466311     
   1562.5972405442135     
   19.368807967911241     
   12.620033277357873     
   261875586.43993780     
   261860191.82773602     
   133774711.16674046     
   133546348.57169031     
   48814.456537210259     
   48814.456537806967     
   2594.4106492113933     
   2594.4106531115904     
   22669.894306145354     
   22669.894306375267     
   5755932.9767879564     
   5755865.1670515761     
   48410.852247188195     
   48410.852357795724     
   4600583.9029462803     
   4600583.9023611471     
   9459321.7635142393     
   9460001.8387313988     
   74215369.113055408     
   74215369.113052949     
   986753797.99265814     
   986753797.99265981     
   2891718.7655119495     
   2907111.6623677937     
   952.26413015934156     
   956.23293863571234     
   845574.39115737693     
   844894.41048773250     
   1708959.3448961624     
   1726910.9883555528     
   1322.6598555024032     
   1298.9492291574170     
   33596691.400565758     
   33807046.956745215     
   15423.907915039095     
   15447.628288540178     
   70679.947076485245     
   70679.948460954358     
   269257.83088094700     
   269257.85248002701     
   127310282.43095785     
   127310282.40822467     
   490.07361672431762     
   490.07360823895146     
   2.1493491806710134E-003
   2.1493492831655158E-003
   36452.938300854468     
   36452.943063637620     
   998745.86640135711     
   998746.90762881166     
   206282308.30045411     
   206282308.30008015     
   70975470.583716050     
   70974788.198375344     
   263678.85366513865     
   263678.84274803306     
   184518.53939224890     
   185200.92341990516     
   20.000054089707987     
   20.000054089740971     
   7668.5378678820725     
   7668.5378676873752     
   20334.717255982694     
   20334.717256077154     
   14.228966753578719     
   14.228967383589930     
   13356.084316381093     
   13356.084298968441     
   1252810.0684137135     
   1252810.0688088299     
   20.487527651432089     
   20.487527702372649     
   7048.2578468168786     
   7048.4396188160026     
   27701.990807533155     
   27702.736394840675     
   897813.79867013404     
   897813.89479499811     
  0.43264433225233107     
  0.43264434339434443     
   106.44745142070889     
   106.44745137534849     
   1820884.9390700266     
   1820884.3523918951     
   40.245525902861459     
   40.245609509917202     
   46.222859969128635     
   46.222862177025739     
   78.372768673238554     
   78.372770391753193     
   82.880264460572860     
   82.880289484038173     
   88463.723752885839     
   88463.902836575740     
   7.2326577502314722     
   7.2326638993043488     
   7.5662391741396471     
   7.5662394273580533     
   1.4731167314451935E-003
   1.4731167770397860E-003
   1.4075042310535697     
   1.4075042472237671     
   8224.8363492136905     
   8224.8367640805318     
   1294.5963017991151     
   1294.5963031448496     
   1628337.6293958204     
   1628337.6293699129     
   5.4580162671165988     
   5.4580162683382314     
   131304116.68751869     
   131304116.67978238     
   87176271.640649661     
   87176271.640576854     
   7855038.0153553169     
   7855038.0153285367     
   19720888.654346071     
   19720888.654066645     
  0.12171269959780720     
  0.12171559341381004     
   163632.41144802680     
   163632.41143578957     
   82.066583889684182     
   82.066585799642510     
   5.3058352822339847     
   5.3058352822699364     
   5.8252558894557062E-007
   5.8252562631803253E-007
   37970.920952936125     
   37970.920952303997     
   1814.4132457041312     
   1814.4135364783228     
   3.4025661793651389     
   3.4025662991797669     
   2802.0780175989212     
   2802.1610551694748     
   8.4339110721811821     
   8.4339125080082500     
   1.0065772010994640     
   1.0065773645725387     
   123886.54414315577     
   123886.55168603822     
   0.0000000000000000     
   0.0000000000000000     
   922577.88227163814     
   922577.97419657733     
   23.730077956747092     
   23.729136534541439     
   9.0568431715497914E-011
   9.0572528659265872E-011
   9.7553122980953162E-003
   9.7555451071289871E-003
   13860187.381255191     
   13860187.275939483     
   10837.552435329544     
   10837.552439950528     
   263128.83293753857     
   263128.83273481234     
   4465.0700978661889     
   4465.0700976918306     
   55073.054138002306     
   55073.044374893601     
   1915419.9447748838     
   1915419.9099926308     
   155.48595576220100     
   155.48595810566255     
   174.89139473299255     
   174.89139949538080     
   4194136.3740897272     
   4194136.4370015664     
   76.181441318186742     
   76.181441350294364     
   125.37430177844999     
   125.37430184237742     
   5.5509682612516821E-011
   5.5512193642491813E-011
   1112505.4972259938     
   1112505.5567190186     
   5.3460983308975178     
   5.3460983580071009     
   922490.98578438314     
   922490.17139280064     
   102098.46722561347     
   102098.45684934063     
   14.618867853703795     
   14.618867880932134     
   0.0000000000000000     
   0.0000000000000000     
   1442.1920290299518     
   1442.1920287587509     
   0.0000000000000000     
   0.0000000000000000     
   0.0000000000000000     
   0.0000000000000000     
   0.0000000000000000     
   0.0000000000000000     
   4.1901271087588709E-004
   4.1901273225458994E-004
   19828.483670248799     
   19828.478049035974     
   3016.4440408661435     
   3016.4440409586477     
   7491.3604473260448     
   7491.3604480544900     
   59.590854495122251     
   59.590854503564515     
   46089.352948226180     
   46089.383587362143     
   13684.012747812945     
   13683.949102995766     
   743.57255624480445     
   743.57271481041175     
   418354.59343656304     
   418354.59348616150     
   191.74712303643167     
   191.74712317638540     
   3319500.4771485641     
   3319500.0567245600     
   5.2150440467116805     
   5.2150469554486678     
   7332.4768977918029     
   7332.4769178390834     
   16010.216800854507     
   16010.216856528716     
   3226533.1367154433     
   3226533.0906245098     
   46.228807621160726     
   46.228807638433224     
   13870173.925410848     
   13870173.929571267     
   6030519.7445156174     
   6030519.7447627671     
   3904.9572389366349     
   3904.9572538664397     
   1.0457959230526829E-003
   1.0458243386566438E-003
   4205.6553583806235     
   4205.6547146557914     
   2.2280217053751532E-005
   2.2280815734084973E-005
  0.13869199357723339     
  0.13869200079366284     
   246793.74334142494     
   246793.74356015545     
   1.7470848756653478E-005
   1.7470852976941832E-005
   11.905095289618957     
   11.905121608979087     
   3.2418622350950221E-002
   3.2418626828002783E-002
   0.0000000000000000     
   0.0000000000000000     
   41.498826122416894     
   41.498832839562773     
   3.9341659838581942     
   3.9341668415763147     
   405077.85960100970     
   405077.79707766027     
   8.1982263973722880     
   8.1982260937808782     
   3.6340856427985098     
   3.6340864095033374     
   2070.4686377911053     
   2070.4679348132740     
  0.41495979133792149     
  0.41495988997791688     
   264799.96337716928     
   264799.94345334795     
   2.1482283864364756E-003
   2.1473621841537958E-003
   1497557.7673862586     
   1497557.7675716516     
   1845.5387169818516     
   1845.5387233061808     
   124.09992512765756     
   124.09992511024375     
   11.983404656143062     
   11.983405352526338     
   2242175.0454602288     
   2242175.0357704475     
   3.7514327303848134     
   3.7514349120863755     
   24876.267616266126     
   24877.022960919290     
   6.8744590521110389     
   6.8744602320029529     
   1933.4040062037689     
   1933.4629148464169     
   76396.711373924831     
   76396.703370857635     
   682817.18915906071     
   682816.73582466133     
   296.76222931848332     
   296.76222931676426     
   98.194802954363666     
   98.194798055105053     
   5.3234202237791791E-008
   5.3237123828987504E-008
   95.352764845773734     
   95.352766182350152     
   4.8142048133432591E-002
   4.8142145933650342E-002
   4776316.9175797729     
   4776316.9039275823     
  0.53686284731147527     
  0.53686304377603611     
   222.96990634561766     
   222.97000283582554     
   1506252.0699668180     
   1506252.0619496049     
  0.39184811987489393     
  0.39184842227390737     
   27.909266778731062     
   27.909299250837247     
   4.0811620354732927     
   4.0798709240927193     
   989.08703657942795     
   989.08873869100773     
   628418.76199634734     
   628418.45072370325     
   1.4596936526493089     
   1.4596979460729513     
  0.16113691888177725     
  0.16113692107876815     
   2973.2476849697728     
   2973.2477179132766     
   243848.55321173125     
   243848.54546839627     
   3.5117391976439163     
   3.5117478115350220     
   0.0000000000000000     
   0.0000000000000000     
   0.0000000000000000     
   0.0000000000000000     
   0.0000000000000000     
   0.0000000000000000     
   0.0000000000000000     
   0.0000000000000000     
   0.0000000000000000     
   0.0000000000000000     
   0.0000000000000000     
   0.0000000000000000     
   138237.12121716683     
   138237.12125983948     
   586234.97096556926     
   586234.28176063811     
   369.75469747300946     
   369.75472739316996     
   19576947.705933351     
   19576947.706992906     
   0.0000000000000000     
   0.0000000000000000     
   0.0000000000000000     
   0.0000000000000000     
  0.54813568230424614     
  0.54813568501907761     
   0.0000000000000000     
   0.0000000000000000     
   112.41547545118459     
   112.41547546293558     
   2391.6745525609440     
   2391.6748295144484     
   1959.8472102166313     
   1959.8466594333986     
   4799656.5652696202     
   4799655.4394766688     
   60694.191504900191     
   60694.191500694527     
   33.608777301133443     
   33.608792926382009     
   3458.7769500508007     
   3458.7769492966136     
  0.20095635944367088     
  0.20095635960836372     
  0.35111802097881029     
  0.35111802130549924     
   7084.9204549717479     
   7084.9204007419257     
   1.0874593447651371     
   1.0874600556004435     
   133963.91604131181     
   133963.90091930848     
   62627.513895858378     
   62627.513895769269     
   46.958755490225819     
   46.958764939590303     
   6.7987300357565325E-002
   6.7987311927102542E-002
   673.21134868965260     
   673.21291748809176     
  0.54917091289766506     
  0.54917113109107552     
   356.10209466140134     
   356.10209479928903     
   230826.96827682218     
   230826.96761204614     
   126555.43985641759     
   126555.36203247658     
   14.356874074305136     
   14.356877058363679     
   125.09090829662927     
   125.09092013679492     
   741.18322788198418     
   741.18348124425188     
   28.441810546155502     
   28.441812504823321     
   707507.24497330049     
   707507.24499248166     
  0.53407226897989934     
  0.53407232580242525     
   194.28962339658565     
   194.28962340810202     
   754409.99930515862     
   754409.99911610305     
   32299.426621445160     
   32299.425796447336     
   15.799497516450808     
   15.799497895334449     
   518587.90681340353     
   518587.90673409338     
  0.34332423557495650     
  0.34332423558973679     
  0.14480638820107994     
  0.14480638882387697     
   16410762.392884349     
   16410762.392812794     
   1015.1174691292788     
   1015.1175049698543     
   1.2657663452869981E-002
   1.2657663453459197E-002
   370.40654489245441     
   370.40654490887368     
  0.74387369056029906     
  0.74387369158518013     
   8.7439768407992400     
   8.7439768442983485     
   1.4490249957318966     
   1.4490258384732391     
   4245775.0776067292     
   4245775.0774740623     
   6.8980521957405889     
   6.8980561891102621     
   290999.55868022388     
   290999.55766546098     
   3.9105497678121197     
   3.9105498155145186     
   4255.0744004117932     
   4255.0846219629129     
   3.1122333082189093     
   3.1122347990366506     
   1834.8587051401439     
   1834.8587055102364     
   2020.7647720709128     
   2020.7647725700392     
   2.2767479436569178     
   2.2767486218699271     
   2269.2282391724430     
   2269.2283038513920     
   3.6566209655444895     
   3.6566212676370577     
   2784.6450059168828     
   2784.6450098277237     
   3819.1197013831752     
   3819.2497169836911     
   49665.796185687184     
   49665.793523966990     
   8952671.4019165039     
   8952671.3954803310     
   36.761892768363417     
   36.761914691227148     
   412726.15422556299     
   412726.15418838547     
  0.47333846032881571     
  0.47333846034972327     
   1.6095495588450943     
   1.6096285199249316     
   1.8203672564583298     
   1.8203672602836354     
   1137491.1124261278     
   1137491.1118967240     
   9894551.6037948318     
   9894551.6023601182     
   1805.9373042129428     
   1805.9373698380807     
   654.34800166053890     
   654.34800169025709     
   12.384052695857477     
   12.384052713452681     
   3.5614775368558393E-002
   3.5614775370253239E-002
   13.468243925885288     
   13.468243932047811     
   465599.25051211519     
   465599.25053573935     
   627.29754041947922     
   627.29784046917791     
   42572.685243387299     
   42572.683616751245     
   2.1946317584311146     
   2.1946317595124372     
   3.9181107551591960     
   3.9181107572911840     
   92843.020565890401     
   92843.019710537090     
   54.487859440210315     
   54.487879329848731     
   1229933.3843041975     
   1229933.3833299007     
  0.21523116810164125     
  0.21523119114145026     
   24139.637893333998     
   24139.639310036408     
   1.3029523685567912     
   1.3029524009887352     
   463.80431512120037     
   463.82007554013813     
   7227.7074895848682     
   7227.7044920645949     
  0.97131819644021034     
  0.97131839771880757     
   82.827861999030588     
   82.827864339719170     
   19.444578803491400     
   19.444579778683178     
   211752.35344886393     
   211752.35956857805     
   158.93742664219189     
   158.93744025198828     
   12418.990942509303     
   12418.987862755008     
   4.5469733368292466     
   4.5469737251131326     
   0.0000000000000000     
   0.0000000000000000     
   0.0000000000000000     
   0.0000000000000000     
   0.0000000000000000     
   0.0000000000000000     
   0.0000000000000000     
   0.0000000000000000     
   1.7255103866552183E-004
   1.7243381001045841E-004
   2.2405803431651173E-010
   2.2405803509072508E-010
   9.7978438879832535     
   9.7978441603784461     
   3799.7197074847968     
   3799.8493041043512     
   77.387329338276345     
   77.387331363709023     
   2.6633856007119694     
   2.6633964471888261     
   3.1709646132261984     
   3.1709648573673208     
   2481.0420101440936     
   2481.1266094294515     
   6611023.3032538295     
   6611022.9521322493     
   692.55369205578006     
   692.55372469662768     
   739.04869607728494     
   739.04871610029124     
   98.242412379145776     
   98.242417784946483     
   18249.078056068345     
   18249.694984706195     
   0.0000000000000000     
   0.0000000000000000     
   0.0000000000000000     
   0.0000000000000000     
   0.0000000000000000     
   0.0000000000000000     
   0.0000000000000000     
   0.0000000000000000     
   1146225.3040600095     
   1146225.3234297447     
   3517.0560333953799     
   3517.0560680628960     
   1.6999480791741323E-003
   1.6986976871330500E-003
   0.0000000000000000     
   0.0000000000000000     
   0.0000000000000000     
   0.0000000000000000     
   29288.272759314284     
   29288.270207900146     
   10.797010449088985     
   10.797012841539628     
   13.459731958019956     
   13.459732171916720     
   11.371121978660515     
   11.371123634673475     
   34278.802297133210     
   34279.996627294095     
   1649213.2975796435     
   1649212.8451807213     
   11.564114099125163     
   11.564114907486642     
   54.322189794159144     
   54.322191157296515     
   0.0000000000000000     
   0.0000000000000000     
   221018.62044862923     
   221018.35539017685     
   1298855.6693866667     
   1298855.6675907981     
   130.31726448398575     
   130.31726698136151     
   1377399.6444941543     
   1377398.7417439534     
   68923.491359678752     
   68923.491418589037     
   84.836479547160252     
   84.836485758203636     
   4218.6220108608350     
   4218.6189867540852     
   382961.75490945659     
   382961.75972290267     
   27443.652371584794     
   27443.652443496667     
   927210.24134876474     
   927210.17911675957     
   124214492.17577919     
   124214781.26781118     
   5831718851.8052006     
   5831761504.7152395     
   498.15219945927095     
   461.34272668250225     
   8.8139970975304468E-009
   6.7807739091365934E-007
   284.15412623294242     
   35.875446118674589     
   30.944898376420323     
   30.944898376292869     
   0.0000000000000000     
   0.0000000000000000     
   0.0000000000000000     
   0.0000000000000000     
   0.0000000000000000     
   0.0000000000000000     
   0.0000000000000000     
   0.0000000000000000     
   0.0000000000000000     
   0.0000000000000000     
   0.0000000000000000     
   0.0000000000000000     
   0.0000000000000000     
   139036376.96165183     
   139036362.51726925     
   351.23470852651548     
   0.0000000000000000     
   0.0000000000000000     
   0.0000000000000000     
   0.0000000000000000     
   0.0000000000000000     
   1129.4957063425068     
   1129.6012390908018     
   8521779183147.9863     
   8521779180588.5820     
   385688.38654926256     
   385688.38392251037     
   867407681552.83594     
   867407646386.33496     
   9145085015.5567627     
   9145085329.7356434     
   113033232914.86107     
   113033223860.77925     
   133851.48611315736     
   133851.46956653733     
   7841.4725922339412     
   7841.4725904954521     
   18435075.998122368     
   18435075.944059994     
   1763.1074274550181     
   17.216317072121992     
   4.2936471167012402E-012
   4.2936184780695917E-012
   520.96803136801054     
   520.96803118103742     
   1830.7348333217501     
   1830.7348325725070     
   1.2151091990215478E+018
   1.2151091988435228E+018
   2037165640881977.8     
   2037165639971676.8     
   7430337161.3571234     
   7430337159.0884275     
   4006.1928172915682     
   4006.1916400600085     
   9.3024499444223916E-004
   9.3024489331479236E-004
   167966700568.82935     
   167966700522.24536     
   7.1008367684792462E-002
   7.1008360756019878E-002
   84520582.686980233     
   84520582.700016782     
   2.4027375568838775E-018
   1.6544142427718872E-017
   3.9725720780070510     
   3.7472369529808675E-003
   2.2717471829469327E-009
   1.1620769105385143E-010
   16265.722801129334     
   871.08949542148775     
   228604.95638698689     
   242.13827529295887     
   48427.656141034240     
   30420.687427499146     
   352.16908401374997     
   1032.2443158297015     
  0.11021203788389615     
  0.11020237946673606     
   2.1573013267926322E-026
   1.4141406725444581E-017
   28.803762644205822     
   5.0809114467735839     
   3629065446366.6353     
   3629065447037.9668     
   683.57970162387801     
   1.1943714725469479     
   225052.19263566105     
   225062.89453693086     
   37710712937.354416     
   37710755579.039505     
   4.9132727659335879E-002
   4.9132724825920598E-002
   0.0000000000000000     
   0.0000000000000000     
   0.0000000000000000     
   0.0000000000000000     
   0.0000000000000000     
   0.0000000000000000     
   0.0000000000000000     
   0.0000000000000000     
   0.0000000000000000     
   0.0000000000000000     
   0.0000000000000000     
   0.0000000000000000     
   0.0000000000000000     
   0.0000000000000000     
   511479947043.42224     
   511479946870.32074     
   1031253995.1555121     
   1031253994.5258378     
   39878725936.419426     
   39878729007.355110     
   1.0391001841596226E+019
   1.0391001842638449E+019
   1.1348358604464393E-305
   1.1348358605241037E-305
   7.0466113676832515E-308
   7.0466114016590551E-308
   1.2025730699600292E-311
   1.2025738468471311E-311
   5.6365450233789140E-314
   5.6735474538243338E-314
   2.7370780722135606E-301
   2.7370780731806718E-301
   2.3369839315986926E-300
   2.3369839317310958E-300
   5.2546412632922127E-305
   5.2546412652362763E-305
   3.3661711837048565E-314
   3.3660692451164127E-314
   5.5829417980060859E-322
   6.3932094571857303E-321
   0.0000000000000000     
   0.0000000000000000     
   0.0000000000000000     
   0.0000000000000000     
   0.0000000000000000     
   0.0000000000000000     
   0.0000000000000000     
   0.0000000000000000     
   0.0000000000000000     
   0.0000000000000000     
   0.0000000000000000     
   0.0000000000000000     
   0.0000000000000000     
   0.0000000000000000     
   0.0000000000000000     
   0.0000000000000000     
   0.0000000000000000     
   0.0000000000000000     
   0.0000000000000000     
   0.0000000000000000     
   0.0000000000000000     
   0.0000000000000000     
   0.0000000000000000     
   4.9577140748351345E-317
   3.2189364957848895E-319
   2.6692000220952407E-315
   0.0000000000000000     
